,mean reward,Type 1 Time,method
0,119250,10.0,Supervisory+RL
1,199220,10.0,Supervisory+RL
2,199170,10.0,Supervisory+RL
3,199170,10.0,Supervisory+RL
4,199180,10.0,Supervisory+RL
5,158190,10.0,Supervisory+RL
6,119180,10.0,Supervisory+RL
7,197080,10.0,Supervisory+RL
8,119170,10.0,Supervisory+RL
9,159180,10.0,Supervisory+RL
10,199220,10.0,Supervisory+RL
11,158120,10.0,Supervisory+RL
12,159180,10.0,Supervisory+RL
13,158160,10.0,Supervisory+RL
14,198160,10.0,Supervisory+RL
15,198140,10.0,Supervisory+RL
16,119270,10.0,Supervisory+RL
17,199220,10.0,Supervisory+RL
18,208170,10.0,Supervisory+RL
19,199180,10.0,Supervisory+RL
20,198200,10.0,Supervisory+RL
21,159220,10.0,Supervisory+RL
22,158190,10.0,Supervisory+RL
23,159180,10.0,Supervisory+RL
24,199230,10.0,Supervisory+RL
25,159180,10.0,Supervisory+RL
26,119180,10.0,Supervisory+RL
27,79220,10.0,Supervisory+RL
28,198110,10.0,Supervisory+RL
29,198190,10.0,Supervisory+RL
30,199220,10.0,Supervisory+RL
31,198110,10.0,Supervisory+RL
32,159240,10.0,Supervisory+RL
33,199220,10.0,Supervisory+RL
34,169180,10.0,Supervisory+RL
35,129170,10.0,Supervisory+RL
36,118190,10.0,Supervisory+RL
37,159290,10.0,Supervisory+RL
38,199260,10.0,Supervisory+RL
39,159180,10.0,Supervisory+RL
40,119230,10.0,Supervisory+RL
41,199230,10.0,Supervisory+RL
42,159300,10.0,Supervisory+RL
43,128110,10.0,Supervisory+RL
44,199260,10.0,Supervisory+RL
45,159220,10.0,Supervisory+RL
46,198190,10.0,Supervisory+RL
47,199170,10.0,Supervisory+RL
48,197120,10.0,Supervisory+RL
49,199140,10.0,Supervisory+RL
50,209180,20.0,Supervisory+RL
51,169180,20.0,Supervisory+RL
52,198160,20.0,Supervisory+RL
53,158190,20.0,Supervisory+RL
54,79220,20.0,Supervisory+RL
55,209200,20.0,Supervisory+RL
56,109160,20.0,Supervisory+RL
57,169210,20.0,Supervisory+RL
58,208130,20.0,Supervisory+RL
59,118150,20.0,Supervisory+RL
60,198160,20.0,Supervisory+RL
61,157140,20.0,Supervisory+RL
62,199190,20.0,Supervisory+RL
63,208070,20.0,Supervisory+RL
64,159220,20.0,Supervisory+RL
65,199220,20.0,Supervisory+RL
66,158200,20.0,Supervisory+RL
67,198190,20.0,Supervisory+RL
68,198200,20.0,Supervisory+RL
69,217040,20.0,Supervisory+RL
70,209230,20.0,Supervisory+RL
71,208150,20.0,Supervisory+RL
72,147120,20.0,Supervisory+RL
73,179160,20.0,Supervisory+RL
74,199220,20.0,Supervisory+RL
75,207060,20.0,Supervisory+RL
76,157160,20.0,Supervisory+RL
77,158200,20.0,Supervisory+RL
78,199150,20.0,Supervisory+RL
79,168030,20.0,Supervisory+RL
80,168130,20.0,Supervisory+RL
81,209200,20.0,Supervisory+RL
82,199160,20.0,Supervisory+RL
83,198210,20.0,Supervisory+RL
84,198150,20.0,Supervisory+RL
85,198130,20.0,Supervisory+RL
86,149170,20.0,Supervisory+RL
87,158110,20.0,Supervisory+RL
88,199200,20.0,Supervisory+RL
89,156080,20.0,Supervisory+RL
90,199240,20.0,Supervisory+RL
91,197170,20.0,Supervisory+RL
92,209180,20.0,Supervisory+RL
93,197100,20.0,Supervisory+RL
94,178150,20.0,Supervisory+RL
95,209170,20.0,Supervisory+RL
96,209160,20.0,Supervisory+RL
97,198190,20.0,Supervisory+RL
98,198200,20.0,Supervisory+RL
99,199220,20.0,Supervisory+RL
100,158080,30.0,Supervisory+RL
101,215910,30.0,Supervisory+RL
102,117060,30.0,Supervisory+RL
103,207170,30.0,Supervisory+RL
104,188010,30.0,Supervisory+RL
105,166070,30.0,Supervisory+RL
106,209180,30.0,Supervisory+RL
107,225900,30.0,Supervisory+RL
108,155970,30.0,Supervisory+RL
109,209130,30.0,Supervisory+RL
110,186000,30.0,Supervisory+RL
111,168100,30.0,Supervisory+RL
112,218090,30.0,Supervisory+RL
113,217060,30.0,Supervisory+RL
114,214980,30.0,Supervisory+RL
115,219160,30.0,Supervisory+RL
116,208130,30.0,Supervisory+RL
117,217050,30.0,Supervisory+RL
118,97960,30.0,Supervisory+RL
119,219110,30.0,Supervisory+RL
120,179110,30.0,Supervisory+RL
121,228010,30.0,Supervisory+RL
122,174980,30.0,Supervisory+RL
123,109040,30.0,Supervisory+RL
124,209200,30.0,Supervisory+RL
125,209110,30.0,Supervisory+RL
126,129100,30.0,Supervisory+RL
127,217040,30.0,Supervisory+RL
128,219120,30.0,Supervisory+RL
129,174940,30.0,Supervisory+RL
130,228020,30.0,Supervisory+RL
131,209110,30.0,Supervisory+RL
132,208070,30.0,Supervisory+RL
133,228060,30.0,Supervisory+RL
134,156010,30.0,Supervisory+RL
135,219150,30.0,Supervisory+RL
136,164010,30.0,Supervisory+RL
137,186980,30.0,Supervisory+RL
138,208110,30.0,Supervisory+RL
139,217940,30.0,Supervisory+RL
140,208080,30.0,Supervisory+RL
141,208190,30.0,Supervisory+RL
142,209160,30.0,Supervisory+RL
143,229040,30.0,Supervisory+RL
144,219100,30.0,Supervisory+RL
145,219150,30.0,Supervisory+RL
146,218110,30.0,Supervisory+RL
147,177060,30.0,Supervisory+RL
148,218090,30.0,Supervisory+RL
149,228070,30.0,Supervisory+RL
150,199180,40.0,Supervisory+RL
151,208040,40.0,Supervisory+RL
152,74920,40.0,Supervisory+RL
153,168130,40.0,Supervisory+RL
154,218030,40.0,Supervisory+RL
155,157110,40.0,Supervisory+RL
156,207070,40.0,Supervisory+RL
157,209160,40.0,Supervisory+RL
158,199160,40.0,Supervisory+RL
159,154970,40.0,Supervisory+RL
160,159280,40.0,Supervisory+RL
161,159180,40.0,Supervisory+RL
162,118090,40.0,Supervisory+RL
163,157060,40.0,Supervisory+RL
164,209230,40.0,Supervisory+RL
165,208130,40.0,Supervisory+RL
166,197180,40.0,Supervisory+RL
167,137050,40.0,Supervisory+RL
168,208130,40.0,Supervisory+RL
169,209220,40.0,Supervisory+RL
170,218150,40.0,Supervisory+RL
171,209120,40.0,Supervisory+RL
172,166930,40.0,Supervisory+RL
173,159220,40.0,Supervisory+RL
174,209160,40.0,Supervisory+RL
175,209220,40.0,Supervisory+RL
176,199170,40.0,Supervisory+RL
177,168080,40.0,Supervisory+RL
178,199170,40.0,Supervisory+RL
179,155100,40.0,Supervisory+RL
180,148070,40.0,Supervisory+RL
181,149120,40.0,Supervisory+RL
182,168090,40.0,Supervisory+RL
183,217040,40.0,Supervisory+RL
184,155970,40.0,Supervisory+RL
185,158110,40.0,Supervisory+RL
186,108190,40.0,Supervisory+RL
187,199160,40.0,Supervisory+RL
188,157060,40.0,Supervisory+RL
189,207050,40.0,Supervisory+RL
190,208150,40.0,Supervisory+RL
191,218030,40.0,Supervisory+RL
192,206070,40.0,Supervisory+RL
193,156050,40.0,Supervisory+RL
194,119150,40.0,Supervisory+RL
195,208140,40.0,Supervisory+RL
196,209020,40.0,Supervisory+RL
197,199240,40.0,Supervisory+RL
198,209140,40.0,Supervisory+RL
199,79260,40.0,Supervisory+RL
200,128110,50.0,Supervisory+RL
201,172920,50.0,Supervisory+RL
202,209050,50.0,Supervisory+RL
203,207070,50.0,Supervisory+RL
204,209220,50.0,Supervisory+RL
205,169160,50.0,Supervisory+RL
206,168130,50.0,Supervisory+RL
207,199180,50.0,Supervisory+RL
208,208190,50.0,Supervisory+RL
209,167050,50.0,Supervisory+RL
210,116010,50.0,Supervisory+RL
211,209100,50.0,Supervisory+RL
212,209160,50.0,Supervisory+RL
213,166030,50.0,Supervisory+RL
214,203960,50.0,Supervisory+RL
215,177040,50.0,Supervisory+RL
216,207070,50.0,Supervisory+RL
217,209170,50.0,Supervisory+RL
218,119300,50.0,Supervisory+RL
219,169230,50.0,Supervisory+RL
220,168210,50.0,Supervisory+RL
221,127080,50.0,Supervisory+RL
222,199200,50.0,Supervisory+RL
223,169240,50.0,Supervisory+RL
224,215970,50.0,Supervisory+RL
225,199220,50.0,Supervisory+RL
226,179160,50.0,Supervisory+RL
227,159250,50.0,Supervisory+RL
228,129160,50.0,Supervisory+RL
229,198190,50.0,Supervisory+RL
230,208130,50.0,Supervisory+RL
231,221830,50.0,Supervisory+RL
232,127100,50.0,Supervisory+RL
233,209190,50.0,Supervisory+RL
234,218110,50.0,Supervisory+RL
235,199180,50.0,Supervisory+RL
236,129120,50.0,Supervisory+RL
237,209120,50.0,Supervisory+RL
238,208120,50.0,Supervisory+RL
239,159300,50.0,Supervisory+RL
240,207160,50.0,Supervisory+RL
241,218110,50.0,Supervisory+RL
242,199160,50.0,Supervisory+RL
243,118130,50.0,Supervisory+RL
244,108130,50.0,Supervisory+RL
245,209120,50.0,Supervisory+RL
246,209160,50.0,Supervisory+RL
247,198090,50.0,Supervisory+RL
248,168090,50.0,Supervisory+RL
249,167100,50.0,Supervisory+RL
250,106070,60.0,Supervisory+RL
251,148090,60.0,Supervisory+RL
252,148100,60.0,Supervisory+RL
253,156010,60.0,Supervisory+RL
254,-155070,60.0,Supervisory+RL
255,209070,60.0,Supervisory+RL
256,-214980,60.0,Supervisory+RL
257,208130,60.0,Supervisory+RL
258,175920,60.0,Supervisory+RL
259,208130,60.0,Supervisory+RL
260,207100,60.0,Supervisory+RL
261,158150,60.0,Supervisory+RL
262,148070,60.0,Supervisory+RL
263,176990,60.0,Supervisory+RL
264,147060,60.0,Supervisory+RL
265,198150,60.0,Supervisory+RL
266,159220,60.0,Supervisory+RL
267,159140,60.0,Supervisory+RL
268,159190,60.0,Supervisory+RL
269,209160,60.0,Supervisory+RL
270,147050,60.0,Supervisory+RL
271,168090,60.0,Supervisory+RL
272,168160,60.0,Supervisory+RL
273,158070,60.0,Supervisory+RL
274,198190,60.0,Supervisory+RL
275,198150,60.0,Supervisory+RL
276,198190,60.0,Supervisory+RL
277,149160,60.0,Supervisory+RL
278,169160,60.0,Supervisory+RL
279,149090,60.0,Supervisory+RL
280,172950,60.0,Supervisory+RL
281,199220,60.0,Supervisory+RL
282,206050,60.0,Supervisory+RL
283,157000,60.0,Supervisory+RL
284,209160,60.0,Supervisory+RL
285,199230,60.0,Supervisory+RL
286,178090,60.0,Supervisory+RL
287,199220,60.0,Supervisory+RL
288,218010,60.0,Supervisory+RL
289,169180,60.0,Supervisory+RL
290,207100,60.0,Supervisory+RL
291,216010,60.0,Supervisory+RL
292,197160,60.0,Supervisory+RL
293,208100,60.0,Supervisory+RL
294,209130,60.0,Supervisory+RL
295,148130,60.0,Supervisory+RL
296,147020,60.0,Supervisory+RL
297,197160,60.0,Supervisory+RL
298,119170,60.0,Supervisory+RL
299,148100,60.0,Supervisory+RL
300,209160,70.0,Supervisory+RL
301,208130,70.0,Supervisory+RL
302,158150,70.0,Supervisory+RL
303,147100,70.0,Supervisory+RL
304,208130,70.0,Supervisory+RL
305,148100,70.0,Supervisory+RL
306,209220,70.0,Supervisory+RL
307,198190,70.0,Supervisory+RL
308,155960,70.0,Supervisory+RL
309,157160,70.0,Supervisory+RL
310,158190,70.0,Supervisory+RL
311,198160,70.0,Supervisory+RL
312,118190,70.0,Supervisory+RL
313,197120,70.0,Supervisory+RL
314,208130,70.0,Supervisory+RL
315,195020,70.0,Supervisory+RL
316,148130,70.0,Supervisory+RL
317,199140,70.0,Supervisory+RL
318,159220,70.0,Supervisory+RL
319,207100,70.0,Supervisory+RL
320,209220,70.0,Supervisory+RL
321,198190,70.0,Supervisory+RL
322,199150,70.0,Supervisory+RL
323,159180,70.0,Supervisory+RL
324,198190,70.0,Supervisory+RL
325,199220,70.0,Supervisory+RL
326,199180,70.0,Supervisory+RL
327,207100,70.0,Supervisory+RL
328,198190,70.0,Supervisory+RL
329,197160,70.0,Supervisory+RL
330,148100,70.0,Supervisory+RL
331,119180,70.0,Supervisory+RL
332,158190,70.0,Supervisory+RL
333,76000,70.0,Supervisory+RL
334,119200,70.0,Supervisory+RL
335,199220,70.0,Supervisory+RL
336,145970,70.0,Supervisory+RL
337,108090,70.0,Supervisory+RL
338,199220,70.0,Supervisory+RL
339,148130,70.0,Supervisory+RL
340,198120,70.0,Supervisory+RL
341,209070,70.0,Supervisory+RL
342,159170,70.0,Supervisory+RL
343,159220,70.0,Supervisory+RL
344,119220,70.0,Supervisory+RL
345,198190,70.0,Supervisory+RL
346,198130,70.0,Supervisory+RL
347,198190,70.0,Supervisory+RL
348,147100,70.0,Supervisory+RL
349,107060,70.0,Supervisory+RL
350,173950,80.0,Supervisory+RL
351,199220,80.0,Supervisory+RL
352,158190,80.0,Supervisory+RL
353,198190,80.0,Supervisory+RL
354,158070,80.0,Supervisory+RL
355,103870,80.0,Supervisory+RL
356,149160,80.0,Supervisory+RL
357,148130,80.0,Supervisory+RL
358,159230,80.0,Supervisory+RL
359,199230,80.0,Supervisory+RL
360,100800,80.0,Supervisory+RL
361,158040,80.0,Supervisory+RL
362,198140,80.0,Supervisory+RL
363,168100,80.0,Supervisory+RL
364,196130,80.0,Supervisory+RL
365,199190,80.0,Supervisory+RL
366,158170,80.0,Supervisory+RL
367,208130,80.0,Supervisory+RL
368,199190,80.0,Supervisory+RL
369,106060,80.0,Supervisory+RL
370,199200,80.0,Supervisory+RL
371,198190,80.0,Supervisory+RL
372,199220,80.0,Supervisory+RL
373,159230,80.0,Supervisory+RL
374,199220,80.0,Supervisory+RL
375,92890,80.0,Supervisory+RL
376,159170,80.0,Supervisory+RL
377,158190,80.0,Supervisory+RL
378,197160,80.0,Supervisory+RL
379,147100,80.0,Supervisory+RL
380,115080,80.0,Supervisory+RL
381,197140,80.0,Supervisory+RL
382,208090,80.0,Supervisory+RL
383,198190,80.0,Supervisory+RL
384,143910,80.0,Supervisory+RL
385,197130,80.0,Supervisory+RL
386,199180,80.0,Supervisory+RL
387,198190,80.0,Supervisory+RL
388,159120,80.0,Supervisory+RL
389,198130,80.0,Supervisory+RL
390,199220,80.0,Supervisory+RL
391,-38210,80.0,Supervisory+RL
392,199190,80.0,Supervisory+RL
393,199180,80.0,Supervisory+RL
394,198150,80.0,Supervisory+RL
395,24920,80.0,Supervisory+RL
396,159220,80.0,Supervisory+RL
397,199130,80.0,Supervisory+RL
398,198170,80.0,Supervisory+RL
399,198190,80.0,Supervisory+RL
400,199170,90.0,Supervisory+RL
401,157160,90.0,Supervisory+RL
402,158130,90.0,Supervisory+RL
403,199220,90.0,Supervisory+RL
404,198150,90.0,Supervisory+RL
405,199180,90.0,Supervisory+RL
406,159180,90.0,Supervisory+RL
407,198190,90.0,Supervisory+RL
408,198190,90.0,Supervisory+RL
409,118100,90.0,Supervisory+RL
410,158190,90.0,Supervisory+RL
411,199220,90.0,Supervisory+RL
412,197080,90.0,Supervisory+RL
413,199220,90.0,Supervisory+RL
414,199220,90.0,Supervisory+RL
415,199180,90.0,Supervisory+RL
416,199190,90.0,Supervisory+RL
417,198200,90.0,Supervisory+RL
418,198190,90.0,Supervisory+RL
419,199220,90.0,Supervisory+RL
420,199220,90.0,Supervisory+RL
421,199240,90.0,Supervisory+RL
422,199230,90.0,Supervisory+RL
423,197160,90.0,Supervisory+RL
424,199180,90.0,Supervisory+RL
425,198150,90.0,Supervisory+RL
426,199220,90.0,Supervisory+RL
427,118160,90.0,Supervisory+RL
428,157130,90.0,Supervisory+RL
429,198190,90.0,Supervisory+RL
430,199180,90.0,Supervisory+RL
431,198200,90.0,Supervisory+RL
432,156130,90.0,Supervisory+RL
433,157160,90.0,Supervisory+RL
434,198190,90.0,Supervisory+RL
435,199180,90.0,Supervisory+RL
436,198150,90.0,Supervisory+RL
437,159220,90.0,Supervisory+RL
438,199220,90.0,Supervisory+RL
439,118210,90.0,Supervisory+RL
440,198190,90.0,Supervisory+RL
441,197130,90.0,Supervisory+RL
442,159220,90.0,Supervisory+RL
443,157090,90.0,Supervisory+RL
444,199230,90.0,Supervisory+RL
445,159190,90.0,Supervisory+RL
446,158150,90.0,Supervisory+RL
447,198200,90.0,Supervisory+RL
448,199200,90.0,Supervisory+RL
449,197160,90.0,Supervisory+RL
450,228970,10.0,Supervisory
451,219100,10.0,Supervisory
452,217020,10.0,Supervisory
453,168010,10.0,Supervisory
454,218030,10.0,Supervisory
455,139070,10.0,Supervisory
456,158030,10.0,Supervisory
457,239000,10.0,Supervisory
458,238930,10.0,Supervisory
459,129110,10.0,Supervisory
460,219060,10.0,Supervisory
461,209140,10.0,Supervisory
462,219150,10.0,Supervisory
463,189020,10.0,Supervisory
464,197950,10.0,Supervisory
465,168960,10.0,Supervisory
466,169150,10.0,Supervisory
467,179080,10.0,Supervisory
468,189000,10.0,Supervisory
469,129110,10.0,Supervisory
470,209090,10.0,Supervisory
471,217990,10.0,Supervisory
472,189020,10.0,Supervisory
473,139070,10.0,Supervisory
474,218070,10.0,Supervisory
475,129170,10.0,Supervisory
476,179040,10.0,Supervisory
477,219060,10.0,Supervisory
478,188080,10.0,Supervisory
479,219060,10.0,Supervisory
480,228990,10.0,Supervisory
481,199010,10.0,Supervisory
482,189110,10.0,Supervisory
483,149100,10.0,Supervisory
484,229010,10.0,Supervisory
485,229040,10.0,Supervisory
486,188010,10.0,Supervisory
487,189100,10.0,Supervisory
488,179040,10.0,Supervisory
489,229060,10.0,Supervisory
490,139100,10.0,Supervisory
491,178990,10.0,Supervisory
492,219100,10.0,Supervisory
493,228960,10.0,Supervisory
494,179070,10.0,Supervisory
495,219050,10.0,Supervisory
496,179020,10.0,Supervisory
497,159100,10.0,Supervisory
498,219060,10.0,Supervisory
499,229010,10.0,Supervisory
500,207910,20.0,Supervisory
501,219100,20.0,Supervisory
502,199220,20.0,Supervisory
503,237930,20.0,Supervisory
504,228960,20.0,Supervisory
505,167970,20.0,Supervisory
506,179110,20.0,Supervisory
507,79100,20.0,Supervisory
508,209120,20.0,Supervisory
509,159060,20.0,Supervisory
510,179100,20.0,Supervisory
511,178040,20.0,Supervisory
512,159060,20.0,Supervisory
513,129050,20.0,Supervisory
514,177990,20.0,Supervisory
515,109000,20.0,Supervisory
516,139060,20.0,Supervisory
517,158070,20.0,Supervisory
518,159100,20.0,Supervisory
519,78030,20.0,Supervisory
520,228060,20.0,Supervisory
521,219060,20.0,Supervisory
522,188990,20.0,Supervisory
523,169120,20.0,Supervisory
524,119080,20.0,Supervisory
525,129150,20.0,Supervisory
526,197910,20.0,Supervisory
527,159010,20.0,Supervisory
528,179110,20.0,Supervisory
529,149000,20.0,Supervisory
530,179040,20.0,Supervisory
531,187990,20.0,Supervisory
532,128090,20.0,Supervisory
533,219100,20.0,Supervisory
534,138860,20.0,Supervisory
535,237950,20.0,Supervisory
536,178990,20.0,Supervisory
537,238960,20.0,Supervisory
538,59030,20.0,Supervisory
539,179060,20.0,Supervisory
540,229040,20.0,Supervisory
541,225790,20.0,Supervisory
542,187890,20.0,Supervisory
543,169140,20.0,Supervisory
544,118050,20.0,Supervisory
545,217070,20.0,Supervisory
546,179060,20.0,Supervisory
547,219130,20.0,Supervisory
548,219010,20.0,Supervisory
549,188030,20.0,Supervisory
550,188010,30.0,Supervisory
551,137000,30.0,Supervisory
552,69030,30.0,Supervisory
553,187980,30.0,Supervisory
554,109100,30.0,Supervisory
555,189020,30.0,Supervisory
556,175950,30.0,Supervisory
557,169100,30.0,Supervisory
558,219100,30.0,Supervisory
559,79010,30.0,Supervisory
560,169050,30.0,Supervisory
561,219120,30.0,Supervisory
562,227950,30.0,Supervisory
563,47970,30.0,Supervisory
564,209120,30.0,Supervisory
565,178990,30.0,Supervisory
566,168010,30.0,Supervisory
567,139040,30.0,Supervisory
568,119100,30.0,Supervisory
569,169110,30.0,Supervisory
570,129030,30.0,Supervisory
571,219140,30.0,Supervisory
572,169170,30.0,Supervisory
573,145950,30.0,Supervisory
574,118980,30.0,Supervisory
575,129000,30.0,Supervisory
576,107950,30.0,Supervisory
577,179100,30.0,Supervisory
578,219120,30.0,Supervisory
579,227960,30.0,Supervisory
580,139090,30.0,Supervisory
581,178090,30.0,Supervisory
582,139040,30.0,Supervisory
583,219070,30.0,Supervisory
584,219100,30.0,Supervisory
585,189110,30.0,Supervisory
586,77940,30.0,Supervisory
587,219100,30.0,Supervisory
588,189090,30.0,Supervisory
589,98080,30.0,Supervisory
590,228970,30.0,Supervisory
591,169120,30.0,Supervisory
592,168180,30.0,Supervisory
593,198940,30.0,Supervisory
594,58070,30.0,Supervisory
595,178980,30.0,Supervisory
596,219060,30.0,Supervisory
597,247910,30.0,Supervisory
598,127900,30.0,Supervisory
599,209130,30.0,Supervisory
600,237980,40.0,Supervisory
601,69070,40.0,Supervisory
602,148040,40.0,Supervisory
603,178960,40.0,Supervisory
604,99060,40.0,Supervisory
605,158070,40.0,Supervisory
606,79020,40.0,Supervisory
607,159160,40.0,Supervisory
608,219100,40.0,Supervisory
609,227980,40.0,Supervisory
610,118060,40.0,Supervisory
611,158090,40.0,Supervisory
612,173930,40.0,Supervisory
613,29080,40.0,Supervisory
614,127970,40.0,Supervisory
615,157980,40.0,Supervisory
616,96990,40.0,Supervisory
617,159060,40.0,Supervisory
618,215960,40.0,Supervisory
619,189030,40.0,Supervisory
620,167980,40.0,Supervisory
621,228980,40.0,Supervisory
622,128010,40.0,Supervisory
623,189010,40.0,Supervisory
624,18030,40.0,Supervisory
625,127950,40.0,Supervisory
626,229040,40.0,Supervisory
627,209140,40.0,Supervisory
628,169060,40.0,Supervisory
629,217950,40.0,Supervisory
630,237910,40.0,Supervisory
631,115850,40.0,Supervisory
632,175890,40.0,Supervisory
633,229110,40.0,Supervisory
634,218070,40.0,Supervisory
635,69000,40.0,Supervisory
636,69000,40.0,Supervisory
637,229050,40.0,Supervisory
638,148090,40.0,Supervisory
639,129010,40.0,Supervisory
640,119020,40.0,Supervisory
641,219120,40.0,Supervisory
642,179110,40.0,Supervisory
643,229040,40.0,Supervisory
644,59100,40.0,Supervisory
645,169040,40.0,Supervisory
646,229000,40.0,Supervisory
647,227980,40.0,Supervisory
648,208090,40.0,Supervisory
649,168100,40.0,Supervisory
650,47960,50.0,Supervisory
651,69030,50.0,Supervisory
652,219080,50.0,Supervisory
653,169190,50.0,Supervisory
654,168100,50.0,Supervisory
655,119070,50.0,Supervisory
656,168980,50.0,Supervisory
657,225930,50.0,Supervisory
658,109120,50.0,Supervisory
659,226990,50.0,Supervisory
660,8990,50.0,Supervisory
661,118900,50.0,Supervisory
662,226950,50.0,Supervisory
663,159130,50.0,Supervisory
664,37890,50.0,Supervisory
665,158070,50.0,Supervisory
666,108080,50.0,Supervisory
667,189040,50.0,Supervisory
668,168010,50.0,Supervisory
669,179070,50.0,Supervisory
670,229000,50.0,Supervisory
671,59120,50.0,Supervisory
672,177950,50.0,Supervisory
673,219120,50.0,Supervisory
674,18070,50.0,Supervisory
675,159080,50.0,Supervisory
676,168980,50.0,Supervisory
677,137950,50.0,Supervisory
678,179050,50.0,Supervisory
679,219100,50.0,Supervisory
680,119100,50.0,Supervisory
681,158040,50.0,Supervisory
682,168960,50.0,Supervisory
683,66920,50.0,Supervisory
684,118030,50.0,Supervisory
685,129100,50.0,Supervisory
686,229040,50.0,Supervisory
687,159030,50.0,Supervisory
688,58070,50.0,Supervisory
689,195900,50.0,Supervisory
690,158040,50.0,Supervisory
691,219060,50.0,Supervisory
692,78010,50.0,Supervisory
693,209080,50.0,Supervisory
694,49090,50.0,Supervisory
695,189000,50.0,Supervisory
696,28010,50.0,Supervisory
697,118050,50.0,Supervisory
698,227970,50.0,Supervisory
699,168030,50.0,Supervisory
700,129120,60.0,Supervisory
701,218050,60.0,Supervisory
702,78010,60.0,Supervisory
703,176900,60.0,Supervisory
704,119060,60.0,Supervisory
705,217990,60.0,Supervisory
706,119110,60.0,Supervisory
707,178030,60.0,Supervisory
708,46010,60.0,Supervisory
709,28010,60.0,Supervisory
710,117980,60.0,Supervisory
711,218050,60.0,Supervisory
712,108980,60.0,Supervisory
713,116920,60.0,Supervisory
714,107970,60.0,Supervisory
715,56860,60.0,Supervisory
716,128950,60.0,Supervisory
717,219100,60.0,Supervisory
718,218060,60.0,Supervisory
719,209160,60.0,Supervisory
720,107950,60.0,Supervisory
721,169120,60.0,Supervisory
722,56890,60.0,Supervisory
723,78040,60.0,Supervisory
724,119070,60.0,Supervisory
725,168110,60.0,Supervisory
726,178010,60.0,Supervisory
727,108010,60.0,Supervisory
728,167000,60.0,Supervisory
729,107040,60.0,Supervisory
730,108010,60.0,Supervisory
731,98060,60.0,Supervisory
732,-42110,60.0,Supervisory
733,57960,60.0,Supervisory
734,128990,60.0,Supervisory
735,129100,60.0,Supervisory
736,18970,60.0,Supervisory
737,99100,60.0,Supervisory
738,108950,60.0,Supervisory
739,118980,60.0,Supervisory
740,119020,60.0,Supervisory
741,69060,60.0,Supervisory
742,167970,60.0,Supervisory
743,119040,60.0,Supervisory
744,99050,60.0,Supervisory
745,166980,60.0,Supervisory
746,118010,60.0,Supervisory
747,99050,60.0,Supervisory
748,78000,60.0,Supervisory
749,119070,60.0,Supervisory
750,69020,70.0,Supervisory
751,159100,70.0,Supervisory
752,117000,70.0,Supervisory
753,47990,70.0,Supervisory
754,69160,70.0,Supervisory
755,109070,70.0,Supervisory
756,107950,70.0,Supervisory
757,219050,70.0,Supervisory
758,99130,70.0,Supervisory
759,158020,70.0,Supervisory
760,39100,70.0,Supervisory
761,79110,70.0,Supervisory
762,117930,70.0,Supervisory
763,65910,70.0,Supervisory
764,128050,70.0,Supervisory
765,56870,70.0,Supervisory
766,159100,70.0,Supervisory
767,57000,70.0,Supervisory
768,39050,70.0,Supervisory
769,109000,70.0,Supervisory
770,49040,70.0,Supervisory
771,156960,70.0,Supervisory
772,149120,70.0,Supervisory
773,-34210,70.0,Supervisory
774,59000,70.0,Supervisory
775,168110,70.0,Supervisory
776,78040,70.0,Supervisory
777,177950,70.0,Supervisory
778,166980,70.0,Supervisory
779,9080,70.0,Supervisory
780,159060,70.0,Supervisory
781,77960,70.0,Supervisory
782,164980,70.0,Supervisory
783,159060,70.0,Supervisory
784,148140,70.0,Supervisory
785,117050,70.0,Supervisory
786,117930,70.0,Supervisory
787,148040,70.0,Supervisory
788,158040,70.0,Supervisory
789,118920,70.0,Supervisory
790,48020,70.0,Supervisory
791,58020,70.0,Supervisory
792,29080,70.0,Supervisory
793,127990,70.0,Supervisory
794,18040,70.0,Supervisory
795,219140,70.0,Supervisory
796,106910,70.0,Supervisory
797,56920,70.0,Supervisory
798,-82020,70.0,Supervisory
799,117970,70.0,Supervisory
800,129040,80.0,Supervisory
801,109060,80.0,Supervisory
802,96980,80.0,Supervisory
803,78130,80.0,Supervisory
804,139060,80.0,Supervisory
805,9010,80.0,Supervisory
806,109050,80.0,Supervisory
807,-54220,80.0,Supervisory
808,39100,80.0,Supervisory
809,8040,80.0,Supervisory
810,168050,80.0,Supervisory
811,17950,80.0,Supervisory
812,169000,80.0,Supervisory
813,118050,80.0,Supervisory
814,118120,80.0,Supervisory
815,57010,80.0,Supervisory
816,2860,80.0,Supervisory
817,149160,80.0,Supervisory
818,98020,80.0,Supervisory
819,66980,80.0,Supervisory
820,118070,80.0,Supervisory
821,175850,80.0,Supervisory
822,109140,80.0,Supervisory
823,109040,80.0,Supervisory
824,97980,80.0,Supervisory
825,18950,80.0,Supervisory
826,68010,80.0,Supervisory
827,199220,80.0,Supervisory
828,48070,80.0,Supervisory
829,57040,80.0,Supervisory
830,159060,80.0,Supervisory
831,97000,80.0,Supervisory
832,105910,80.0,Supervisory
833,169110,80.0,Supervisory
834,149130,80.0,Supervisory
835,36920,80.0,Supervisory
836,169050,80.0,Supervisory
837,99060,80.0,Supervisory
838,99130,80.0,Supervisory
839,98050,80.0,Supervisory
840,46940,80.0,Supervisory
841,94980,80.0,Supervisory
842,119020,80.0,Supervisory
843,66920,80.0,Supervisory
844,189000,80.0,Supervisory
845,159100,80.0,Supervisory
846,158070,80.0,Supervisory
847,98030,80.0,Supervisory
848,199120,80.0,Supervisory
849,58080,80.0,Supervisory
850,47990,90.0,Supervisory
851,47940,90.0,Supervisory
852,109150,90.0,Supervisory
853,58020,90.0,Supervisory
854,166890,90.0,Supervisory
855,46880,90.0,Supervisory
856,-2070,90.0,Supervisory
857,58070,90.0,Supervisory
858,68050,90.0,Supervisory
859,108010,90.0,Supervisory
860,-32980,90.0,Supervisory
861,58930,90.0,Supervisory
862,48020,90.0,Supervisory
863,9060,90.0,Supervisory
864,109110,90.0,Supervisory
865,118980,90.0,Supervisory
866,19100,90.0,Supervisory
867,99060,90.0,Supervisory
868,118080,90.0,Supervisory
869,-2090,90.0,Supervisory
870,76880,90.0,Supervisory
871,114880,90.0,Supervisory
872,-32060,90.0,Supervisory
873,128000,90.0,Supervisory
874,19070,90.0,Supervisory
875,46960,90.0,Supervisory
876,-3040,90.0,Supervisory
877,107920,90.0,Supervisory
878,108020,90.0,Supervisory
879,108030,90.0,Supervisory
880,9010,90.0,Supervisory
881,69190,90.0,Supervisory
882,104830,90.0,Supervisory
883,-3120,90.0,Supervisory
884,59050,90.0,Supervisory
885,59000,90.0,Supervisory
886,48960,90.0,Supervisory
887,45950,90.0,Supervisory
888,97050,90.0,Supervisory
889,29010,90.0,Supervisory
890,7050,90.0,Supervisory
891,85850,90.0,Supervisory
892,-84130,90.0,Supervisory
893,98070,90.0,Supervisory
894,129110,90.0,Supervisory
895,107980,90.0,Supervisory
896,35920,90.0,Supervisory
897,126950,90.0,Supervisory
898,7990,90.0,Supervisory
899,109060,90.0,Supervisory
